5757
1164
4375
831
1540
3883
4520
278
1584
1993
4589
3536
3360
5029
961
1655
1453
5222
2222
1634
2787
5038
5791
2073
6396
5198
65
2754
2595
540
3831
141
5779
2603
4361
2193
4202
5137
4346
1109
802
486
6320
3654
1609
1973
4643
1657
1073
5788
6311
3954
4257
500
2278
5508
4736
1498
3092
1089
5879
6042
5080
3007
801
3357
671
5819
4972
5822
973
1823
6248
4010
3509
2032
4939
4385
173
1637
3330
243
1822
5533
3868
4546
1809
2373
1084
5100
5454
5494
3259
5127
2004
637
4408
1777
5294
5450
5724
4717
4165
2785
1779
1196
5489
2995
3446
1148
2688
145
1279
5514
4694
3112
320
2976
2666
3355
5804
3486
2532
2307
4384
4089
2074
60
1955
3521
947
4807
2446
6253
3646
4146
3477
4288
2935
5949
2123
4588
6160
1673
3945
4504
5771
3779
118
884
6338
5196
2195
5605
3015
4879
4362
5975
4664
5727
1378
1648
61
5962
1154
1971
644
2879
1298
1666
47
3911
3925
810
4844
4144
505
1136
6158
699
3665
1751
2859
6282
4344
730
1639
4681
4258
670
4159
1790
4551
5123
447
5001
3231
4895
2515
3804
2390
1006
4026
4060
454
2788
716
5396
2368
5641
2266
3181
2372
4339
6106
3674
4937
3056
2225
5612
3460
3594
5582
4739
2713
1664
492
1470
3980
5965
2334
3645
4768
2131
208
5354
421
4067
6198
3590
1361
6223
2029
5837
4826
2255
5506
1254
757
5692
4250
3146
4863
4952
1736
3881
4434
2434
1184
2213
328
3852
4677
2498
5503
4735
4086
2013
13
3582
2090
4243
5422
84
6259
5991
3289
3078
5511
177
6180
1757
710
5329
5265
2519
1676
2889
689
703
3756
3758
3344
5101
6083
3205
784
1863
4230
2570
1474
125
6015
819
3180
4718
2665
1133
2843
2660
3422
5451
2215
3667
3472
4462
2566
5798
5632
658
5162
4782
828
6034
5778
5523
2234
5053
428
3317
2507
2511
2178
3308
4748
1052
1001
5097
5758
6278
4835
470
6274
6220
3876
6080
1864
3447
3105
3188
4444
2854
521
3159
5369
3010
2921
2678
3680
4093
1898
4041
352
6252
1408
3620
2293
4217
4023
5973
4320
3219
3569
155
1106
5134
4883
5254
3244
2058
3294
3020
2391
4797
2679
2051
1732
6347
2181
2299
5748
886
2502
460
6289
1636
3900
6136
5344
358
3343
3216
5075
2312
4507
6177
2388
2116
3164
398
6040
2104
4015
2078
3551
4126
5470
4487
2914
3689
5443
5336
6162
4856
280
5207
5042
200
5498
3708
6190
2753
2103
5313
6343
4284
17
4008
3457
1406
5583
5295
1528
1820
5116
1517
4207
5899
3603
5258
2497
4391
3489
2759
2520
6063
2052
4652
1417
1293
1771
1581
3365
2392
1888
1244
2467
204
925
5633
5912
3921
2657
3035
1724
5551
6328
6031
6218
743
4767
4092
4569
3799
6326
1915
5704
4512
340
1962
4935
4878
3443
4994
911
1175
1356
674
1862
3903
5272
5323
1556
5528
4618
4822
1171
448
3629
1368
3430
3563
6090
769
2618
4833
5541
4141
3377
4687
957
5176
1738
3463
2201
1524
687
817
5178
6266
316
6277
312
4959
2316
1592
1068
170
1623
4535
6379
2438
2416
2969
5902
4516
874
4902
1558
5312
682
4492
4381
318
2512
4044
2896
5931
1217
456
2695
2752
1000
3985
4838
5635
4213
342
1319
171
114
5474
2516
3835
166
4376
5023
4980
3748
5420
745
5018
1304
3512
971
1076
2650
3103
1921
2701
1766
4226
2236
1930
2827
5659
3458
4846
3871
436
245
2231
1223
4075
898
5355
4859
1805
5276
1531
6171
1060
3924
6375
5402
3198
4354
5838
5998
5085
1352
2409
3228
314
4427
3558
2840
441
5083
2824
1426
1981
2333
3431
5542
3316
2084
4998
5330
4140
2546
266
5948
2863
235
3048
1197
1013
2386
159
1307
3673
2591
1683
4237
1348
1393
6295
3965
4824
677
4740
3926
4891
4091
2845
6298
2775
5982
493
414
450
1976
366
6265
5889
1682
4647
68
4180
1653
941
5433
615
2030
3795
2005
6143
3491
4840
239
4699
6024
1538
3931
2041
4581
130
2731
1004
5828
3437
6014
2661
530
2305
3587
2724
6084
4525
3821
3309
5513
2244
6183
3614
2237
5184
4368
1819
5173
4240
4027
3659
4714
385
5146
3602
3950
6354
3298
1267
5359
2933
2345
3743
3765
3455
535
2452
2224
1414
2877
2407
2098
5186
2235
4404
1058
735
646
5765
1314
3039
4403
6175
1500
3501
4949
6035
4474
5610
4164
5065
1950
2655
1022
1741
5077
1612
796
3811
4815
967
752
584
983
6032
415
4374
5552
982
6046
1744
4083
3340
1791
3662
5875
1990
2575
2525
2119
3522
4242
2102
4032
219
4877
5756
1261
5693
5226
2977
3237
4954
2006
6241
5672
5398
3081
3464
577
2296
3707
5818
5512
6372
3154
4318
6221
3873
2281
968
5360
896
1606
5726
2844
2682
2620
3150
1719
290
1858
762
4269
6094
979
2359
581
4069
3434
3498
49
3621
1908
4814
622
1111
2749
3485
4348
5992
5245
2477
5550
723
927
5857
5852
4679
6386
1598
363
2831
3616
1554
825
4236
1690
4343
5428
2801
2909
6203
3865
910
1190
2321
228
6134
6057
5594
3376
5168
6285
2458
551
5475
5536
1886
4417
6255
2389
5823
2945
5011
754
3171
62
240
6097
2162
3628
797
3068
6071
4882
5745
5570
3209
1876
2777
1061
5883
5128
6159
714
5440
6192
4313
5490
2082
3266
809
1447
1649
4345
1860
5262
2939
2252
444
2212
4157
1276
3107
1700
715
244
1896
4024
51
2733
3825
779
2396
4182
1351
4796
2432
1202
4657
1269
5231
315
4303
3746
2272
1482
85
5679
3191
1103
807
5955
5204
1984
5712
3129
5225
3535
3820
4555
3575
5309
2510
4645
5853
5188
4550
3383
4134
2531
6214
4651
343
3969
4461
2420
2740
74
417
1977
2538
1018
2021
3189
394
5936
2658
1357
2858
2533
4977
466
6219
4161
638
5826
5486
1859
1305
564
1841
97
708
4909
3714
5096
4475
2012
1720
91
1349
1951
1527
4154
6367
892
2810
4325
5041
2269
1121
5185
1480
5661
5769
6161
5832
4025
2848
5242
888
5825
4530
2989
1481
1272
4666
1840
818
1412
6283
2746
2583
4956
1824
399
37
434
4353
376
2424
5783
1689
3404
6299
2075
3867
1537
3798
1075
4009
4289
4575
3389
4124
4397
4950
5705
5812
3647
5951
4280
6233
1900
1702
2626
5032
2406
216
5575
4011
5021
1505
4700
4316
3424
4053
4176
3073
2807
3541
2105
3863
4527
4823
1069
5810
6081
4306
5654
6352
153
6202
158
1065
2663
989
2146
2870
4478
3121
3898
1468
5725
5356
6022
3672
1080
5502
879
2667
2954
733
3307
6397
1504
121
3052
368
5158
4853
5244
3152
3826
3063
1534
2793
3596
5753
2768
1364
5816
4888
2579
11
1325
4232
6048
1248
1667
5569
2737
3134
5324
3399
6127
2461
2413
1881
6321
1659
4720
2459
4221
2024
4439
780
6154
2481
3555
5364
4448
1207
4851
6191
2901
5996
2375
2007
2881
822
1192
40
6117
690
3421
2886
2671
901
5537
6209
1520
4048
4620
5362
4696
4256
2866
5282
4605
2451
3089
5971
3
1213
2649
4388
1392
4942
3573
1872
3538
3855
6108
1486
2047
311
2455
2693
1865
1303
3247
2179
3070
2256
6245
1548
5180
3854
1146
2248
2184
6206
3175
4973
469
3088
4095
185
5034
1048
4337
3067
4537
126
1312
1593
2631
1198
2963
3271
6336
1088
4707
6068
4628
3822
5124
1484
4770
2622
2157
3467
406
3267
4716
4960
1354
1503
1562
1512
4760
3465
4841
3055
2341
5005
3686
5653
2938
1597
5163
2535
6116
2035
259
2322
3101
6050
555
2340
4078
5347
4872
4330
3642
1218
1145
1485
2250
5104
5591
3846
4898
3547
2046
2710
2627
4201
2016
3895
751
5263
5509
4763
1429
2344
3050
5954
1495
5980
6370
5385
5979
4241
3989
6231
3752
1212
2815
561
1688
392
5381
2598
3983
1953
2330
1427
2154
512
5256
1828
2980
4411
1697
3222
2107
1620
4498
1511
523
5310
473
4482
5636
5903
1461
6124
2425
1463
5249
1030
2501
5429
6272
3300
56
695
1242
116
3021
2064
4818
2398
1264
1578
5062
5213
2094
5851
1866
478
1518
2091
15
4061
881
6019
5670
2594
4746
4742
6174
3664
1152
5561
5343
4829
4842
787
5862
1752
2662
1792
5830
4991
1441
6077
2745
1181
5953
5839
1762
5472
2286
2028
3195
1947
334
2486
4901
1621
3439
1842
1546
5507
339
4861
1477
4753
2517
4927
5581
609
5625
1773
3572
1510
3586
5906
5668
3221
3912
3755
3750
931
2329
3995
5064
1199
3562
3666
1813
3827
5585
1112
297
1713
193
2277
1815
22
6391
119
3698
4108
6120
1571
5694
2124
3403
2644
372
3351
3643
2428
2405
3318
3371
3696
1091
2735
2444
2689
2893
3367
6044
1443
3929
3339
1903
3778
4402
767
4967
5733
5417
5182
5191
4204
885
1922
3312
4976
3660
6086
4238
588
3685
2601
1231
3530
4191
2684
1057
397
3548
5459
4648
2816
610
5665
4052
1100
507
3054
4910
738
1326
2175
655
1457
5341
3433
1874
1832
3157
5122
3802
3856
2056
2356
5293
6138
5397
168
1743
14
5409
6242
913
5394
3805
5908
909
4028
5189
129
1204
663
3717
3792
2400
1221
4801
3415
5681
102
844
4097
5835
2111
5939
4442
4453
5760
2607
2872
5022
182
1092
3394
1363
2873
966
2741
2426
1660
4071
2883
2117
248
3047
4066
4810
186
3362
3003
1557
5606
2134
383
812
499
1917
5579
3566
4553
1560
108
2730
3453
5770
6135
3227
4936
4675
5423
4864
1063
1586
2203
601
5815
6323
6368
1371
2086
1444
3897
6130
2699
1024
3211
4389
2639
529
3958
2861
672
6263
660
28
5566
2160
5847
1240
2716
565
3038
5046
4451
1932
4526
2707
1365
82
4764
329
5387
307
439
4561
80
408
4540
1036
2161
2687
3476
495
692
1082
688
1459
4522
1570
1670
4825
3901
4049
832
2125
4830
5070
5044
2544
5925
2669
5368
5175
4355
3832
4554
3275
1370
336
3436
2245
3435
4413
1282
4685
3368
2803
1285
5113
1535
94
6307
2922
5382
3480
3018
753
6010
5435
848
369
2053
1707
4003
1051
3610
5595
3262
5205
936
5548
1733
6193
1812
1258
4749
3601
6239
3797
2857
138
5298
3648
2093
1322
1545
5960
2849
6189
5620
2042
5314
5781
2878
2295
4690
3479
3819
2929
3471
5876
3445
3909
4101
1296
2220
1843
5824
878
778
649
934
4073
985
2888
1138
4969
1543
3261
6303
2959
5799
942
3936
413
3930
4674
269
2703
5471
5342
5419
5861
3246
134
4356
1176
1797
1909
5403
2825
921
3508
5208
514
3976
4660
2940
837
4287
44
1358
720
4020
902
1661
4726
4112
5090
6098
4547
3993
4915
3135
1309
6170
5224
4857
4466
3716
686
1821
3941
2027
864
4151
3060
2182
2380
6208
5148
5267
4245
3229
6222
6384
362
4911
5562
1288
3684
12
2469
4787
6169
2440
3633
3767
302
895
3892
2700
5109
4730
2755
5964
5286
5279
5250
4724
5048
5311
4640
4051
3850
4099
3448
3806
2491
6365
5530
2587
4305
3650
2806
1960
3733
2155
6250
2050
4030
5638
5773
959
487
1177
3632
2646
5229
4378
4924
5624
2868
6074
3880
4802
6361
5845
3016
729
3543
6346
3395
2264
5611
5130
5406
3026
9
99
6388
1965
4920
3699
5910
5555
5850
1957
1845
930
5463
463
5400
4543
5338
5118
294
3352
5349
4695
1220
5687
1215
2055
4570
5698
1726
57
262
5210
4197
152
701
2436
5558
5775
740
3184
1123
1404
1122
854
2926
6082
6392
3206
4458
3731
3627
6381
1400
3595
3624
2920
1161
6204
2001
3117
6018
2988
2998
2503
2900
6137
1937
2839
5597
258
142
4125
1699
4732
4576
3204
5572
3254
1506
3671
2370
3098
3727
1810
772
6060
5892
2792
4160
3163
3638
1975
231
6309
5138
6168
5480
5285
2640
3193
3585
207
1737
4113
2169
2228
1870
1838
5271
3870
3840
4464
2617
3456
6297
1856
1920
388
5924
1002
275
2757
347
3576
2170
3631
5718
4603
5793
2820
2891
5456
1189
6308
4046
4438
6166
965
6122
4552
1749
6148
607
5230
4424
2919
3874
455
5702
3295
1201
4850
907
4163
1868
1553
5215
4557
3693
4577
2144
1722
4968
1163
5365
4843
6337
3725
6115
5882
3884
5408
614
3774
1206
5074
3904
1020
4340
2614
5926
5970
2847
4342
5684
1604
6140
3334
2606
3776
2763
6294
3136
1341
2697
978
656
3336
4974
1772
1245
2853
4513
4057
111
5120
6033
3250
5379
2588
4638
1021
2317
214
5658
6344
2422
2174
1383
5427
4665
1345
5460
1725
1979
4364
3955
988
3739
1140
3093
1905
5308
3741
1708
4671
2249
4772
3824
2419
1256
5848
748
3568
4889
458
4068
3323
3345
1422
3669
4502
1577
79
4689
2553
2221
2435
1372
517
5084
5655
631
4754
3240
820
5878
2315
498
1436
4282
115
432
4103
1796
4953
1646
4743
1825
627
2470
1332
537
2875
4276
5715
3481
4334
1087
2427
2239
862
5153
6049
232
4993
4573
3028
410
2537
1235
798
1959
2085
1330
4941
476
489
2819
2348
4978
4984
2096
5898
5088
2265
5646
3470
3331
6092
5916
5895
3994
1555
5520
5079
3700
5809
3079
467
236
149
1727
6052
3549
3027
504
1049
1379
4962
2106
3736
2324
1811
4297
4745
1078
4425
4393
4261
2310
3841
3715
282
5318
5447
6342
295
3122
2936
1599
1871
5600
5981
5418
1786
2894
3311
6331
1236
4653
5989
795
5416
220
5290
2304
1589
2690
5545
3113
3818
124
594
719
2148
2183
4489
5266
1409
2784
2054
1924
4633
332
5033
2318
5361
750
199
596
4090
2065
6279
5322
3115
2253
4007
2882
1353
1195
6069
1339
6377
3077
991
3283
1432
4649
5246
4896
5881
5144
1139
1911
548
301
549
6393
4076
2285
4321
5660
5834
5968
5327
4440
2188
370
3214
3738
811
6156
836
3723
5103
1775
6129
1050
5136
992
5036
1381
4012
2207
1869
71
2633
3609
3760
5407
3786
6215
18
4033
2643
970
3019
510
0
6212
5478
3202
1742
5106
6194
1317
4253
1227
3084
683
5376
277
4359
1415
3034
1839
4944
5415
6101
5045
2456
4769
4314
2925
184
1210
4031
3042
3598
872
4300
1768
5371
4798
4729
5710
5759
1967
175
1802
5869
4508
2204
5488
1756
5234
4607
4058
3510
4399
2251
237
1692
1451
3004
1547
5049
4579
1594
3462
4926
5399
5414
5462
1994
4055
5686
697
3571
5750
1423
5888
1509
3291
6228
4426
870
3288
5966
2979
4918
3482
4431
379
2200
1916
3718
5719
1827
2077
3886
2189
3178
3814
639
5864
3782
5990
70
4386
190
5761
3001
3719
2355
4350
882
2208
6093
755
1652
2276
1277
1613
4631
1143
1336
5649
5680
2394
1096
2282
4560
6187
6246
3618
1753
6076
3110
3762
4615
4443
5119
5139
1782
6355
1450
4486
2403
4059
477
4119
3703
2479
4806
2970
2411
6064
3305
2637
2982
4780
3742
4646
3418
3545
1750
4784
3475
1491
5609
1362
1268
5421
3657
3836
943
4563
2298
4211
2233
2846
6316
2480
4087
4961
2604
6075
1877
2149
789
2112
3999
4447
164
2513
5319
1788
2384
3968
3577
2686
5114
2903
1717
6348
4452
132
4429
267
659
576
2965
1246
877
3420
2783
4775
271
3927
6318
5345
4599
2363
5652
5497
2817
2043
127
533
4013
1114
1083
4617
3775
5238
3544
1672
2638
5442
1321
1936
5618
1399
1031
2559
880
4477
5251
4803
4488
6366
5239
4765
5366
3816
308
522
5515
2057
4365
706
1407
5663
2609
2572
205
6144
419
4706
5373
3749
2779
1403
54
5744
5714
2014
1454
737
5608
5909
6358
5904
4479
4082
620
5930
3730
1270
2302
4582
4210
2110
2797
3372
2164
1132
2706
5150
664
2623
3848
5841
1241
4396
4465
1944
4692
6262
3299
1055
3937
1187
6290
1846
1170
6205
1167
4812
580
4395
1847
2780
319
867
4347
916
3681
4574
1110
144
3270
2874
1549
2659
2734
2727
1986
4218
999
585
4848
2987
1203
5211
1430
3942
4142
3910
717
2968
5174
3720
63
595
2930
3230
2869
2992
3382
1424
765
678
4598
2002
1377
3043
4200
223
1642
3272
3370
2089
1281
3796
1053
2751
5479
6226
1127
1179
4654
4327
950
3847
300
502
4050
1008
2217
5187
2060
2574
225
1398
194
4945
4042
1452
6157
429
5616
4172
1263
2152
6102
3561
1149
1567
6028
484
3859
373
4636
3794
3200
2628
5643
305
668
4963
1209
2450
1939
509
19
5944
5370
2593
1118
4272
356
4323
3425
4668
6251
2871
2039
274
6333
628
3040
5380
2311
4755
3241
4247
1374
6178
4934
2000
3542
2578
3321
1615
2401
4471
1046
5388
3398
2408
2983
107
3328
6332
324
5994
2143
4693
5154
4481
2887
34
2705
1669
3918
6345
4004
3397
2100
647
5292
1389
829
4680
1126
794
4235
903
3933
5820
3972
1622
3783
2274
3611
2709
2241
5335
78
3959
4659
2109
3168
6224
2885
5452
6394
420
4150
3516
2385
1011
1419
2191
3017
3649
3156
252
1458
5525
4873
897
3085
4419
4629
1996
852
5648
1460
1611
2582
1855
2621
1194
3409
5813
5911
2683
4884
3245
1716
5843
5590
5836
4637
3600
5752
5666
5156
6073
3973
2313
4632
1818
1333
3268
5721
5413
273
3030
2441
1887
1056
1208
2542
1496
2615
3000
2932
2786
6387
3114
5645
1259
560
2612
2543
5546
2238
6045
2463
1694
2268
1686
4904
3215
3075
6286
734
603
946
4177
566
3194
776
3988
621
5436
3350
996
5260
3504
3844
3637
337
1576
5095
539
6142
5063
6399
3869
552
1446
2556
4380
2379
1940
847
2850
4147
5858
2550
2953
1299
6364
1346
4697
6256
4738
6059
6003
3174
4792
4043
1645
2382
1627
5921
1286
453
10
1074
1761
3429
4600
5252
2036
6110
3319
136
6002
5627
2475
4188
3153
3338
4227
6261
3083
1107
1904
5255
3694
5346
5008
1434
1239
5730
1799
2805
5284
557
3992
6100
2358
935
5987
3787
3957
648
1710
2791
4400
4983
5789
4153
3310
2387
2916
5740
5200
5405
361
5736
1120
5016
4715
1817
1489
3264
2576
693
2971
5151
128
5321
1497
5037
5677
5410
2652
3086
53
4641
2070
1455
972
3753
611
6371
2076
3147
3639
3851
2736
2205
4131
3106
375
6287
5195
4721
1472
2132
2557
162
2378
215
3065
2454
4938
5043
851
4127
3987
4558
5556
2303
1806
4319
2826
6315
381
562
1691
3012
4262
3385
293
6395
2758
578
5976
1569
1324
2942
554
5071
3452
4858
3284
150
2150
908
386
5808
5940
327
2367
4539
5941
1023
918
2342
4669
3914
374
4271
2449
4809
2981
4908
4148
5006
3411
3109
2634
5223
2347
21
3451
5091
3234
3432
4899
6145
5880
4260
875
6132
2799
681
3967
1438
543
2789
1413
6341
623
4310
1062
2151
59
4360
1755
5015
1854
2309
445
1134
786
496
2958
5629
104
1153
6041
222
899
3951
4622
5738
2185
1565
4958
4038
4514
3293
919
3858
626
4392
20
323
6155
5337
4556
6363
4401
1949
1878
5831
5068
426
2038
5305
4203
2156
2950
3849
3656
4593
511
6133
3690
2099
2037
5927
1513
3785
3124
86
929
1836
630
3888
2902
257
3440
2168
1651
6104
3866
592
5404
590
5571
3149
4268
1662
2562
2171
3102
4933
1070
3045
5985
2485
732
3095
2395
2187
1159
1033
5959
5214
5510
1302
1150
541
112
2540
1980
2685
5206
2580
4986
5059
1025
4267
536
602
1999
494
6172
5301
1948
2924
3887
4892
5060
1693
2069
4205
4673
3346
4624
411
3788
3768
2273
2611
2118
218
4510
5621
3517
1029
3008
2240
4118
1835
4294
30
1180
3031
4951
24
3396
3702
846
5766
2360
1247
2063
4932
1411
2518
1079
3724
1243
1449
3408
83
3192
1933
2465
491
5466
3091
5891
5374
619
4985
3273
2527
2613
2292
2913
6350
2702
835
1927
1045
442
5877
3499
1928
3713
2059
6107
993
6359
3278
1579
5304
322
5929
4158
26
4132
5201
1105
2586
5742
531
4676
6029
3704
2362
6089
234
1234
1723
6267
2353
3845
1934
841
4682
2772
471
955
5315
3550
2962
4156
4234
657
4982
6131
443
4987
1320
2260
571
669
2262
5444
6254
3223
6210
4184
117
2068
814
2742
1141
6141
4281
1174
4228
4836
938
4995
5807
4709
2602
3414
3232
461
3170
5424
792
1665
5026
503
2165
3817
2851
431
1607
4712
1275
5160
4955
39
2442
5934
8
5141
4847
1893
4905
4869
3766
2756
2448
3833
2332
5093
6023
5829
746
5377
550
2492
2130
6185
1117
1038
4155
558
1679
2325
598
1580
519
5161
4251
980
5913
1405
680
4273
3071
6201
4149
1230
3978
4450
6125
1315
4541
2841
984
6066
894
2829
1522
3285
2352
4793
4834
3808
987
3777
3258
5339
3490
459
36
4039
5531
5688
5988
5842
2558
3740
2283
3381
5529
2719
1969
821
1624
1853
5482
4382
1721
4483
4875
3341
6243
2676
6072
4594
1162
742
1287
187
3139
2246
3314
4572
6312
3915
5217
1129
3908
3644
1284
4886
4122
1172
5135
242
1883
2306
3907
371
3701
5856
1473
2908
1255
2743
5534
2327
2258
5728
1857
4248
840
330
341
180
6186
1794
1467
5348
1493
5893
2095
3133
2031
6281
490
2011
1292
5332
1945
591
1165
2088
2937
333
5172
4511
3049
3364
3511
103
195
774
4162
1663
2048
4114
891
4129
4212
3952
1705
1344
50
876
5331
3412
5094
2505
3496
5236
2552
636
1205
5241
349
5539
4832
3540
593
4975
2128
4171
6327
4750
747
3896
777
995
5814
4773
1265
5676
2493
756
1941
6118
6038
3058
4741
1814
2748
4308
6378
2880
1760
3387
3090
4326
2680
4106
1420
2833
1638
1988
4623
2923
422
3281
2270
3928
4930
1776
4805
6088
2545
528
4708
2062
2941
4566
6000
2766
2947
4616
5149
488
3320
3857
3074
4642
4758
3494
2129
3518
1283
2567
1849
1668
4446
481
3754
804
1294
3024
1563
5526
3082
5978
279
1519
4379
905
839
4279
4304
2261
4139
3279
5092
1966
3478
2569
4538
1983
1696
5855
2289
2560
1568
3592
2433
4885
2635
4460
5464
5240
1191
3155
6227
4394
725
1844
3407
2020
3369
4710
1508
5273
4771
4509
3349
2698
3076
1188
5014
2814
5358
5357
3764
378
1533
563
1492
3583
1041
1879
3843
4178
842
2794
438
5131
1124
5563
3949
5493
3359
2529
3593
2906
2681
160
608
3128
5487
2884
4979
642
1677
4371
4079
1926
4704
4373
4436
3780
6380
2774
5197
6317
4231
1748
1906
227
2399
1469
2714
3557
3523
5086
2227
69
3002
4332
5296
4505
4957
6271
5190
1007
1238
612
1680
1488
1178
5650
286
3763
2728
122
4686
5717
2536
5000
1530
3041
4437
5634
5564
48
2675
5492
5183
5004
4946
711
4259
5372
5110
1514
4335
3528
6273
4485
5587
2642
1456
4894
3329
1306
4943
1507
3722
4455
5678
5614
3709
5901
525
1337
4585
3182
5657
3483
2973
4988
5527
5102
4135
246
1142
1390
3391
2624
5619
2045
5115
5441
718
2830
1745
3940
3165
5013
4490
3559
651
1798
3162
4352
4559
5446
1765
4084
156
3615
3751
391
3678
726
4854
5884
2967
975
3735
1396
2478
1551
2862
2991
1301
3123
5039
6306
6006
3225
6004
2951
3879
2876
6184
2966
3829
4215
4752
1718
5476
5302
1445
5363
3186
4688
4291
1222
5833
4096
3683
4634
4307
1731
1433
2136
3151
2781
167
5580
3675
5577
5737
179
855
5811
3527
3148
1158
1861
3160
5774
109
265
4785
764
1173
5484
1182
4449
3374
5599
1880
387
355
3324
1098
6211
2025
2811
856
2015
5935
4407
2521
3402
2834
1678
6216
5786
5445
178
4473
569
3392
497
4363
2290
1963
1808
937
4463
4285
2271
6301
425
4412
722
579
1783
3953
5051
1605
914
3963
1656
5055
2585
4625
4366
5682
4698
2034
3126
2708
4989
1628
3094
4493
1478
5993
1952
6300
1740
1804
944
4270
1327
1943
6165
1086
2275
5995
5716
906
3947
5275
1119
6330
2113
4497
2692
1807
962
5438
3692
4781
212
1039
5637
95
3966
4328
435
5792
2506
816
2247
3560
516
2087
4192
1260
2369
5703
1391
2984
5751
1698
5448
5720
4254
830
3770
3981
4390
1602
89
3256
1366
2715
1729
3507
5914
4876
4312
2010
2301
1160
4286
2338
3108
5623
5461
5664
2026
3304
3597
5216
2488
2949
6036
1912
1494
292
2522
5549
4868
4564
575
2166
958
451
1789
838
4037
2314
5919
203
7
2813
2216
452
2158
1542
2541
4406
348
87
380
4341
5723
5437
3393
1590
1116
1310
2571
4296
5170
4821
6258
4005
1608
4705
5287
3137
2393
6356
5449
4523
221
5890
890
6039
5928
3335
3366
3201
1701
3053
6213
353
3100
3771
3943
3353
3935
2300
430
6188
407
5099
5248
209
1998
4542
3036
6009
5544
4185
4789
1850
4423
1640
3373
6234
4517
5801
805
5228
4263
4790
4088
2494
4970
2259
6276
915
2549
3975
5232
395
5873
4925
433
700
5393
2081
827
924
3302
4519
4794
1956
2597
3265
1027
4123
5058
5709
4837
1439
5915
3080
3037
4098
5604
2397
3872
3263
3839
309
4252
4811
2796
296
4584
1257
4409
360
1016
857
4900
6011
3916
5299
2242
3986
5181
331
782
5631
1442
5859
4931
3791
5019
1770
3697
2429
3710
1072
3306
4133
976
4762
2837
1964
2978
6061
5743
2934
5516
3641
3891
770
146
3636
3513
5741
709
1102
3604
5840
964
1885
5274
5121
5152
3878
3009
3497
3781
1047
5352
2186
5932
3111
464
2423
2101
2927
547
5072
35
5320
2121
4196
1329
5945
2524
3581
5105
131
2079
6079
5923
2126
110
1526
5218
1211
2568
4225
3706
2960
6085
6123
5894
5237
6173
1054
2892
6047
4613
3687
949
6153
5768
3190
1894
3120
808
5887
4445
5505
606
1687
2842
2508
211
3938
4189
3663
4219
1632
2915
3099
3069
260
1925
5896
6339
3998
2931
4111
33
5764
3072
1464
163
2472
5972
5280
4862
3199
4414
2986
4529
4109
5560
2022
3033
325
788
6103
77
5167
338
5177
568
403
2641
4107
6152
5639
4244
4105
1795
922
4274
3313
1633
4601
6374
3466
474
6146
1600
5073
5030
1384
2704
4336
1781
1410
1525
291
4081
6005
3635
4578
675
3591
2138
2210
1350
5767
1064
4480
952
4663
6199
1895
2180
2092
1852
3652
1253
5615
135
4194
396
613
2725
6078
3208
3658
4120
6058
5219
2523
3525
2339
3239
5868
2415
5787
2625
5950
4866
5281
4266
3653
3905
5009
2474
1618
2985
154
1360
6139
5554
4702
2147
4922
2802
351
3327
3613
93
1754
5390
98
3347
4441
2192
2648
1588
4691
4727
948
4459
5785
2377
5697
661
2691
2209
3145
1616
4383
1515
2142
3297
1787
6270
4293
1278
3375
5316
4143
5003
38
2744
1559
731
869
1483
5669
1012
6369
2500
3712
148
5696
1028
251
3837
4292
542
3882
2647
1448
1059
106
2199
5061
6382
4650
4246
3982
2229
2904
6164
5963
1104
5567
2738
3177
1428
3721
803
3732
3173
5957
1784
2723
5145
6275
5389
5918
1575
4608
1135
5426
2198
1764
3011
2254
5695
5784
6182
3495
4454
6257
3552
5521
587
41
5867
5350
5125
3996
865
344
4567
5171
5685
1273
3119
5922
5885
4992
3390
833
4170
954
5662
306
5603
3469
685
2365
1183
5573
4849
5089
4484
2366
1019
1375
974
3906
5613
5986
1237
1746
5067
4167
4965
2364
2080
5574
4940
1574
5905
676
618
5593
1631
4860
3809
6087
4845
268
3630
843
939
1539
485
2509
653
1561
1709
3977
4703
6335
4064
4283
206
6398
791
4469
4420
1266
4016
4457
3853
834
1077
5800
4831
3196
2563
1425
405
4496
1747
3622
5874
1685
3971
5865
5947
2899
3255
1914
3682
3828
2717
4206
5559
3838
1890
4223
2911
951
3057
2590
5540
3013
137
264
6179
1115
3537
3570
3902
5383
462
604
1502
4100
4500
4506
3759
4611
6319
4914
2526
2476
1674
1735
2581
2336
2280
3990
2718
4056
4040
3532
981
3354
3235
5243
326
5040
4880
4621
4619
3617
1156
4913
5306
3220
4545
3249
4503
5457
3668
1316
3450
1185
5937
2664
3104
6020
198
1610
2852
2218
5203
1418
3296
285
3487
1758
3534
100
2722
6207
3607
5870
5325
2654
2910
5640
3212
2003
5796
3253
6325
3578
5617
3893
1297
5425
2964
2972
5025
3488
3864
3711
5886
4725
1090
5126
1780
3166
3461
5943
1552
3934
3877
4766
3187
1499
761
6062
3608
3197
3142
5257
3179
2453
1501
2864
4208
643
4610
303
5132
1974
4672
4034
1573
169
1274
5749
4562
4852
6095
5278
1113
250
4609
3705
191
3979
2019
3442
813
6055
4524
2108
2197
4713
3890
4912
4604
2133
990
4587
2565
5227
4808
3651
384
1647
1536
6389
5782
4734
3141
1704
4121
4731
6030
850
5907
224
75
5129
3097
567
4275
3506
6197
2483
513
6236
849
5776
5538
3029
229
5164
4495
345
482
2308
5524
4002
1987
4410
401
1401
2071
1291
4295
310
188
969
1216
3238
3514
534
4019
1901
81
5535
192
515
912
1343
2778
573
589
1793
4220
1040
1521
5707
3358
3006
963
3116
4747
446
6383
4627
2159
1017
538
2115
3984
2762
3944
4733
2114
2328
5378
2955
1376
2263
263
1816
1340
5328
3970
4795
5602
2907
3066
2214
5711
926
4606
4916
2383
5112
866
6349
3161
6111
4580
6200
4827
5762
4022
4533
4367
5598
1991
3789
1532
1226
5849
2957
2673
5269
5054
261
5706
3301
1654
3400
1471
3773
6096
457
6249
2547
691
5997
5984
3815
556
1271
4315
4890
1907
694
1005
335
123
298
3502
2297
393
3588
4047
6376
4299
2140
3384
5518
1675
2867
5111
5351
3213
650
3428
3564
5307
3625
2599
1582
3556
2194
2487
4433
1918
6043
5468
1643
574
5946
4670
6385
3661
5701
1902
2331
55
2760
4596
5942
72
2173
2439
6065
289
4759
5082
5391
3830
1774
6237
2767
532
6109
